1.00 9.17
1.00 9.08
1.00 9.00
1.00 8.92
1.00 8.84
1.00 8.76
1.00 8.68
1.00 8.61
1.00 8.54
1.00 8.46
1.00 8.39
1.01 9.99
1.01 9.99
1.01 9.99
1.01 9.99
1.01 9.99
1.01 9.99
1.01 9.99
1.01 9.99
1.01 9.98
1.01 9.98
1.01 9.98
1.02 10.88
1.02 10.98
1.02 11.07
1.02 11.17
1.02 11.26
1.02 11.36
1.02 11.46
1.02 11.55
1.02 11.65
1.02 11.74
1.02 11.84
1.03 11.83
1.03 12.04
1.03 12.26
1.03 12.47
1.03 12.68
1.03 12.90
1.03 13.11
1.03 13.33
1.03 13.55
1.03 13.76
1.03 13.98
1.04 12.86
1.04 13.20
1.04 13.55
1.04 13.90
1.04 14.25
1.04 14.61
1.04 14.97
1.04 15.34
1.04 15.71
1.04 16.08
1.04 16.45
1.05 13.96
1.05 14.45
1.05 14.95
1.05 15.47
1.05 15.99
1.05 16.52
1.05 17.06
1.05 17.61
1.05 18.16
1.05 18.72
1.05 19.29
1.06 15.13
1.06 15.80
1.06 16.48
1.06 17.18
1.06 17.90
1.06 18.64
1.06 19.39
1.06 20.15
1.06 20.93
1.06 21.72
1.06 22.52
1.07 16.40
1.07 17.26
1.07 18.14
1.07 19.06
1.07 20.01
1.07 20.98
1.07 21.98
1.07 23.00
1.07 24.04
1.07 25.11
1.07 26.19
1.08 17.74
1.08 18.82
1.08 19.95
1.08 21.11
1.08 22.32
1.08 23.57
1.08 24.85
1.08 26.17
1.08 27.53
1.08 28.91
1.08 30.32
1.09 19.18
1.09 20.51
1.09 21.90
1.09 23.35
1.09 24.85
1.09 26.42
1.09 28.03
1.09 29.70
1.09 31.41
1.09 33.16
1.09 34.95
1.10 20.72
1.10 22.32
1.10 24.01
1.10 25.77
1.10 27.62
1.10 29.54
1.10 31.54
1.10 33.60
1.10 35.71
1.10 37.88
1.10 40.09
1.11 22.36
1.11 24.27
1.11 26.28
1.11 28.41
1.11 30.64
1.11 32.96
1.11 35.38
1.11 37.89
1.11 40.46
1.11 43.09
1.11 45.77
1.12 24.11
1.12 26.35
1.12 28.74
1.12 31.26
1.12 33.92
1.12 36.70
1.12 39.59
1.12 42.59
1.12 45.67
1.12 48.81
1.12 52.00
1.13 25.97
1.13 28.58
1.13 31.37
1.13 34.34
1.13 37.47
1.13 40.76
1.13 44.18
1.13 47.71
1.13 51.34
1.13 55.04
1.13 58.77
1.14 27.94
1.14 30.96
1.14 34.20
1.14 37.66
1.14 41.32
1.14 45.15
1.14 49.15
1.14 53.28
1.14 57.50
1.14 61.78
1.14 66.08
1.15 30.04
1.15 33.51
1.15 37.24
1.15 41.23
1.15 45.46
1.15 49.90
1.15 54.52
1.15 59.28
1.15 64.14
1.15 69.03
1.15 73.90
1.16 32.26
1.16 36.21
1.16 40.49
1.16 45.06
1.16 49.92
1.16 55.02
1.16 60.31
1.16 65.74
1.16 71.24
1.16 76.75
1.16 82.20
1.17 34.62
1.17 39.10
1.17 43.96
1.17 49.17
1.17 54.70
1.17 60.50
1.17 66.50
1.17 72.63
1.17 78.81
1.17 84.94
1.17 90.93
1.18 37.11
1.18 42.16
1.18 47.65
1.18 53.55
1.18 59.81
1.18 66.35
1.18 73.10
1.18 79.95
1.18 86.80
1.18 93.53
1.18 100.05
1.19 39.74
1.19 45.41
1.19 51.59
1.19 58.22
1.19 65.25
1.19 72.58
1.19 80.10
1.19 87.69
1.19 95.20
1.19 102.50
1.19 109.47
1.20 42.52
1.20 48.86
1.20 55.77
1.20 63.19
1.20 71.03
1.20 79.19
1.20 87.50
1.20 95.81
1.20 103.96
1.20 111.78
1.20 119.14
1.21 45.46
1.21 52.50
1.21 60.19
1.21 68.45
1.21 77.16
1.21 86.16
1.21 95.27
1.21 104.29
1.21 113.03
1.21 121.31
1.21 128.98
1.22 48.55
1.22 56.35
1.22 64.88
1.22 74.02
1.22 83.62
1.22 93.48
1.22 103.39
1.22 113.09
1.22 122.37
1.22 131.02
1.22 138.90
1.23 51.80
1.23 60.42
1.23 69.82
1.23 79.88
1.23 90.41
1.23 101.15
1.23 111.83
1.23 122.17
1.23 131.91
1.23 140.85
1.23 148.84
1.24 55.22
1.24 64.69
1.24 75.03
1.24 86.06
1.24 97.53
1.24 109.14
1.24 120.56
1.24 131.47
1.24 141.59
1.24 150.72
1.24 158.72
1.25 58.81
1.25 69.19
1.25 80.50
1.25 92.53
1.25 104.96
1.25 117.43
1.25 129.55
1.25 140.96
1.25 151.36
1.25 160.56
1.25 168.48
1.26 62.58
1.26 73.91
1.26 86.25
1.26 99.30
1.26 112.69
1.26 125.99
1.26 138.75
1.26 150.56
1.26 161.15
1.26 170.33
1.26 178.06
1.27 66.52
1.27 78.86
1.27 92.25
1.27 106.35
1.27 120.70
1.27 134.79
1.27 148.11
1.27 160.24
1.27 170.90
1.27 179.95
1.27 187.41
1.28 70.64
1.28 84.04
1.28 98.53
1.28 113.69
1.28 128.98
1.28 143.80
1.28 157.59
1.28 169.93
1.28 180.55
1.28 189.38
1.28 196.50
1.29 74.96
1.29 89.45
1.29 105.06
1.29 121.29
1.29 137.49
1.29 152.98
1.29 167.15
1.29 179.58
1.29 190.06
1.29 198.58
1.29 205.30
1.30 79.46
1.30 95.08
1.30 111.86
1.30 129.15
1.30 146.21
1.30 162.28
1.30 176.73
1.30 189.15
1.30 199.38
1.30 207.52
1.30 213.79
1.31 84.14
1.31 100.95
1.31 118.90
1.31 137.24
1.31 155.11
1.31 171.68
1.31 186.29
1.31 198.57
1.31 208.48
1.31 216.17
1.31 221.97
1.32 89.03
1.32 107.05
1.32 126.18
1.32 145.54
1.32 164.16
1.32 181.12
1.32 195.77
1.32 207.83
1.32 217.32
1.32 224.52
1.32 229.83
1.33 94.10
1.33 113.38
1.33 133.70
1.33 154.04
1.33 173.32
1.33 190.56
1.33 205.15
1.33 216.87
1.33 225.89
1.33 232.57
1.33 237.38
1.34 99.37
1.34 119.93
1.34 141.43
1.34 162.71
1.34 182.56
1.34 199.97
1.34 214.37
1.34 225.68
1.34 234.16
1.34 240.30
1.34 244.63
1.35 104.84
1.35 126.69
1.35 149.37
1.35 171.53
1.35 191.84
1.35 209.30
1.35 223.42
1.35 234.23
1.35 242.14
1.35 247.74
1.35 251.59
1.36 110.50
1.36 133.67
1.36 157.49
1.36 180.46
1.36 201.13
1.36 218.52
1.36 232.25
1.36 242.50
1.36 249.82
1.36 254.88
1.36 258.29
1.37 116.35
1.37 140.85
1.37 165.79
1.37 189.48
1.37 210.40
1.37 227.60
1.37 240.84
1.37 250.49
1.37 257.21
1.37 261.74
1.37 264.73
1.38 122.39
1.38 148.23
1.38 174.24
1.38 198.55
1.38 219.60
1.38 236.50
1.38 249.18
1.38 258.18
1.38 264.30
1.38 268.34
1.38 270.94
1.39 128.63
1.39 155.80
1.39 182.82
1.39 207.66
1.39 228.71
1.39 245.20
1.39 257.25
1.39 265.59
1.39 271.12
1.39 274.69
1.39 276.93
1.40 135.05
1.40 163.53
1.40 191.51
1.40 216.76
1.40 237.69
1.40 253.67
1.40 265.05
1.40 272.72
1.40 277.68
1.40 280.80
1.40 282.73
1.41 141.65
1.41 171.43
1.41 200.28
1.41 225.84
1.41 246.52
1.41 261.90
1.41 272.57
1.41 279.57
1.41 283.99
1.41 286.71
1.41 288.35
1.42 148.43
1.42 179.48
1.42 209.12
1.42 234.85
1.42 255.17
1.42 269.88
1.42 279.81
1.42 286.15
1.42 290.06
1.42 292.41
1.42 293.81
1.43 155.38
1.43 187.67
1.43 218.00
1.43 243.78
1.43 263.62
1.43 277.60
1.43 286.77
1.43 292.48
1.43 295.92
1.43 297.94
1.43 299.12
1.44 162.49
1.44 195.97
1.44 226.89
1.44 252.59
1.44 271.86
1.44 285.05
1.44 293.47
1.44 298.58
1.44 301.58
1.44 303.30
1.44 304.29
1.45 169.77
1.45 204.37
1.45 235.78
1.45 261.27
1.45 279.86
1.45 292.23
1.45 299.91
1.45 304.45
1.45 307.05
1.45 308.52
1.45 309.33
1.46 177.19
1.46 212.86
1.46 244.62
1.46 269.78
1.46 287.62
1.46 299.15
1.46 306.10
1.46 310.11
1.46 312.35
1.46 313.59
1.46 314.27
1.47 184.75
1.47 221.41
1.47 253.41
1.47 278.11
1.47 295.13
1.47 305.80
1.47 312.06
1.47 315.58
1.47 317.50
1.47 318.54
1.47 319.10
1.48 192.45
1.48 230.01
1.48 262.11
1.48 286.25
1.48 302.38
1.48 312.20
1.48 317.80
1.48 320.87
1.48 322.51
1.48 323.38
1.48 323.83
1.49 200.26
1.49 238.63
1.49 270.71
1.49 294.17
1.49 309.37
1.49 318.36
1.49 323.34
1.49 326.00
1.49 327.39
1.49 328.11
1.49 328.47
1.50 208.18
1.50 247.27
1.50 279.19
1.50 301.86
1.50 316.11
1.50 324.28
1.50 328.68
1.50 330.98
1.50 332.15
1.50 332.74
1.50 333.03
1.51 216.21
1.51 255.89
1.51 287.52
1.51 309.32
1.51 322.60
1.51 329.98
1.51 333.85
1.51 335.82
1.51 336.80
1.51 337.28
1.51 337.52
1.52 224.31
1.52 264.47
1.52 295.68
1.52 316.55
1.52 328.84
1.52 335.47
1.52 338.85
1.52 340.53
1.52 341.34
1.52 341.74
1.52 341.93
1.53 232.49
1.53 273.01
1.53 303.67
1.53 323.52
1.53 334.85
1.53 340.77
1.53 343.71
1.53 345.13
1.53 345.80
1.53 346.12
1.53 346.27
1.54 240.72
1.54 281.47
1.54 311.46
1.54 330.26
1.54 340.63
1.54 345.89
1.54 348.42
1.54 349.62
1.54 350.17
1.54 350.43
1.54 350.55
1.55 249.00
1.55 289.85
1.55 319.05
1.55 336.75
1.55 346.19
1.55 350.83
1.55 353.01
1.55 354.01
1.55 354.47
1.55 354.67
1.55 354.76
1.56 257.31
1.56 298.12
1.56 326.42
1.56 343.00
1.56 351.55
1.56 355.62
1.56 357.48
1.56 358.31
1.56 358.68
1.56 358.85
1.56 358.92
1.57 265.63
1.57 306.26
1.57 333.57
1.57 349.01
1.57 356.71
1.57 360.26
1.57 361.84
1.57 362.53
1.57 362.83
1.57 362.96
1.57 363.02
1.58 273.95
1.58 314.26
1.58 340.49
1.58 354.80
1.58 361.69
1.58 364.77
1.58 366.11
1.58 366.68
1.58 366.91
1.58 367.02
1.58 367.06
1.59 282.25
1.59 322.11
1.59 347.18
1.59 360.37
1.59 366.50
1.59 369.16
1.59 370.28
1.59 370.75
1.59 370.94
1.59 371.01
1.59 371.05
1.60 290.51
1.60 329.79
1.60 353.64
1.60 365.73
1.60 371.15
1.60 373.44
1.60 374.37
1.60 374.75
1.60 374.90
1.60 374.96
1.60 374.98
1.61 298.74
1.61 337.28
1.61 359.87
1.61 370.89
1.61 375.66
1.61 377.61
1.61 378.38
1.61 378.69
1.61 378.81
1.61 378.85
1.61 378.87
1.62 306.89
1.62 344.59
1.62 365.87
1.62 375.86
1.62 380.03
1.62 381.68
1.62 382.32
1.62 382.57
1.62 382.66
1.62 382.69
1.62 382.71
1.63 314.97
1.63 351.70
1.63 371.65
1.63 380.65
1.63 384.28
1.63 385.67
1.63 386.19
1.63 386.39
1.63 386.46
1.63 386.49
1.63 386.50
1.64 322.96
1.64 358.60
1.64 377.21
1.64 385.27
1.64 388.41
1.64 389.58
1.64 390.00
1.64 390.16
1.64 390.21
1.64 390.23
1.64 390.24
1.65 330.84
1.65 365.28
1.65 382.55
1.65 389.74
1.65 392.44
1.65 393.41
1.65 393.75
1.65 393.87
1.65 393.92
1.65 393.93
1.65 393.94
1.66 338.59
1.66 371.75
1.66 387.70
1.66 394.06
1.66 396.37
1.66 397.17
1.66 397.45
1.66 397.54
1.66 397.57
1.66 397.58
1.66 397.59
1.67 346.22
1.67 378.01
1.67 392.65
1.67 398.25
1.67 400.21
1.67 400.87
1.67 401.09
1.67 401.16
1.67 401.19
1.67 401.19
1.67 401.20
1.68 353.70
1.68 384.04
1.68 397.41
1.68 402.32
1.68 403.97
1.68 404.51
1.68 404.68
1.68 404.74
1.68 404.75
1.68 404.76
1.68 404.76
1.69 361.03
1.69 389.86
1.69 402.00
1.69 406.27
1.69 407.65
1.69 408.09
1.69 408.22
1.69 408.27
1.69 408.28
1.69 408.28
1.69 408.28
1.70 368.18
1.70 395.46
1.70 406.42
1.70 410.11
1.70 411.26
1.70 411.61
1.70 411.72
1.70 411.75
1.70 411.76
1.70 411.76
1.70 411.76
1.71 375.17
1.71 400.85
1.71 410.69
1.71 413.86
1.71 414.81
1.71 415.09
1.71 415.17
1.71 415.20
1.71 415.20
1.71 415.20
1.71 415.20
1.72 381.97
1.72 406.04
1.72 414.81
1.72 417.52
1.72 418.30
1.72 418.52
1.72 418.58
1.72 418.60
1.72 418.60
1.72 418.60
1.72 418.60
1.73 388.57
1.73 411.02
1.73 418.80
1.73 421.09
1.73 421.73
1.73 421.90
1.73 421.95
1.73 421.96
1.73 421.96
1.73 421.96
1.73 421.97
1.74 394.99
1.74 415.81
1.74 422.67
1.74 424.59
1.74 425.11
1.74 425.24
1.74 425.28
1.74 425.28
1.74 425.29
1.74 425.29
1.74 425.29
1.75 401.20
1.75 420.42
1.75 426.42
1.75 428.02
1.75 428.43
1.75 428.54
1.75 428.56
1.75 428.57
1.75 428.57
1.75 428.57
1.75 428.57
1.76 407.21
1.76 424.85
1.76 430.06
1.76 431.39
1.76 431.72
1.76 431.79
1.76 431.81
1.76 431.82
1.76 431.82
1.76 431.82
1.76 431.82
1.77 413.02
1.77 429.11
1.77 433.60
1.77 434.70
1.77 434.95
1.77 435.01
1.77 435.02
1.77 435.03
1.77 435.03
1.77 435.03
1.77 435.03
1.78 418.62
1.78 433.21
1.78 437.06
1.78 437.95
1.78 438.15
1.78 438.19
1.78 438.20
1.78 438.20
1.78 438.20
1.78 438.20
1.78 438.20
1.79 424.01
1.79 437.16
1.79 440.43
1.79 441.15
1.79 441.30
1.79 441.33
1.79 441.34
1.79 441.34
1.79 441.34
1.79 441.34
1.79 441.34
1.80 429.20
1.80 440.98
1.80 443.73
1.80 444.30
1.80 444.42
1.80 444.44
1.80 444.44
1.80 444.44
1.80 444.44
1.80 444.44
1.80 444.44
1.81 434.19
1.81 444.66
1.81 446.96
1.81 447.41
1.81 447.49
1.81 447.51
1.81 447.51
1.81 447.51
1.81 447.51
1.81 447.51
1.81 447.51
1.82 438.99
1.82 448.22
1.82 450.12
1.82 450.47
1.82 450.54
1.82 450.55
1.82 450.55
1.82 450.55
1.82 450.55
1.82 450.55
1.82 450.55
1.83 443.59
1.83 451.68
1.83 453.23
1.83 453.50
1.83 453.54
1.83 453.55
1.83 453.55
1.83 453.55
1.83 453.55
1.83 453.55
1.83 453.55
1.84 448.00
1.84 455.03
1.84 456.28
1.84 456.48
1.84 456.52
1.84 456.52
1.84 456.52
1.84 456.52
1.84 456.52
1.84 456.52
1.84 456.52
1.85 452.24
1.85 458.28
1.85 459.28
1.85 459.43
1.85 459.46
1.85 459.46
1.85 459.46
1.85 459.46
1.85 459.46
1.85 459.46
1.85 459.46
1.86 456.31
1.86 461.45
1.86 462.24
1.86 462.35
1.86 462.36
1.86 462.37
1.86 462.37
1.86 462.37
1.86 462.37
1.86 462.37
1.86 462.37
1.87 460.21
1.87 464.54
1.87 465.15
1.87 465.23
1.87 465.24
1.87 465.24
1.87 465.24
1.87 465.24
1.87 465.24
1.87 465.24
1.87 465.24
1.88 463.95
1.88 467.56
1.88 468.02
1.88 468.08
1.88 468.08
1.88 468.08
1.88 468.09
1.88 468.09
1.88 468.09
1.88 468.09
1.88 468.09
1.89 467.55
1.89 470.51
1.89 470.86
1.89 470.89
1.89 470.90
1.89 470.90
1.89 470.90
1.89 470.90
1.89 470.90
1.89 470.90
1.89 470.90
1.90 471.01
1.90 473.40
1.90 473.66
1.90 473.68
1.90 473.68
1.90 473.68
1.90 473.68
1.90 473.68
1.90 473.68
1.90 473.68
1.90 473.68
1.91 474.34
1.91 476.24
1.91 476.42
1.91 476.44
1.91 476.44
1.91 476.44
1.91 476.44
1.91 476.44
1.91 476.44
1.91 476.44
1.91 476.44
1.92 477.55
1.92 479.03
1.92 479.16
1.92 479.17
1.92 479.17
1.92 479.17
1.92 479.17
1.92 479.17
1.92 479.17
1.92 479.17
1.92 479.17
1.93 480.65
1.93 481.78
1.93 481.86
1.93 481.86
1.93 481.87
1.93 481.87
1.93 481.87
1.93 481.87
1.93 481.87
1.93 481.87
1.93 481.87
1.94 483.65
1.94 484.48
1.94 484.53
1.94 484.54
1.94 484.54
1.94 484.54
1.94 484.54
1.94 484.54
1.94 484.54
1.94 484.54
1.94 484.54
1.95 486.56
1.95 487.15
1.95 487.18
1.95 487.18
1.95 487.18
1.95 487.18
1.95 487.18
1.95 487.18
1.95 487.18
1.95 487.18
1.95 487.18
1.96 489.38
1.96 489.78
1.96 489.80
1.96 489.80
1.96 489.80
1.96 489.80
1.96 489.80
1.96 489.80
1.96 489.80
1.96 489.80
1.96 489.80
1.97 492.12
1.97 492.38
1.97 492.39
1.97 492.39
1.97 492.39
1.97 492.39
1.97 492.39
1.97 492.39
1.97 492.39
1.97 492.39
1.97 492.39
1.98 494.80
1.98 494.95
1.98 494.95
1.98 494.95
1.98 494.95
1.98 494.95
1.98 494.95
1.98 494.95
1.98 494.95
1.98 494.95
1.98 494.95
1.99 497.42
1.99 497.49
1.99 497.49
1.99 497.49
1.99 497.49
1.99 497.49
1.99 497.49
1.99 497.49
1.99 497.49
1.99 497.49
1.99 497.49
2.00 499.98
2.00 500.00
2.00 500.00
2.00 500.00
2.00 500.00
2.00 500.00
2.00 500.00
2.00 500.00
2.00 500.00
2.00 500.00
2.00 500.00
2.01 502.50
2.01 502.49
2.01 502.49
2.01 502.49
2.01 502.49
2.01 502.49
2.01 502.49
2.01 502.49
2.01 502.49
2.01 502.49
2.01 502.49
2.02 504.97
2.02 504.95
2.02 504.95
2.02 504.95
2.02 504.95
2.02 504.95
2.02 504.95
2.02 504.95
2.02 504.95
2.02 504.95
2.02 504.95
2.03 507.41
2.03 507.39
2.03 507.39
2.03 507.39
2.03 507.39
2.03 507.39
2.03 507.39
2.03 507.39
2.03 507.39
2.03 507.39
2.03 507.39
2.04 509.81
2.04 509.80
2.04 509.80
2.04 509.80
2.04 509.80
2.04 509.80
2.04 509.80
2.04 509.80
2.04 509.80
2.04 509.80
2.04 509.80
2.05 512.19
2.05 512.20
2.05 512.20
2.05 512.20
2.05 512.20
2.05 512.20
2.05 512.20
2.05 512.20
2.05 512.20
2.05 512.20
2.05 512.20
2.06 514.54
2.06 514.56
2.06 514.56
2.06 514.56
2.06 514.56
2.06 514.56
2.06 514.56
2.06 514.56
2.06 514.56
2.06 514.56
2.06 514.56
2.07 516.87
2.07 516.91
2.07 516.91
2.07 516.91
2.07 516.91
2.07 516.91
2.07 516.91
2.07 516.91
2.07 516.91
2.07 516.91
2.07 516.91
2.08 519.17
2.08 519.24
2.08 519.23
2.08 519.23
2.08 519.23
2.08 519.23
2.08 519.23
2.08 519.23
2.08 519.23
2.08 519.23
2.08 519.23
2.09 521.46
2.09 521.54
2.09 521.53
2.09 521.53
2.09 521.53
2.09 521.53
2.09 521.53
2.09 521.53
2.09 521.53
2.09 521.53
2.09 521.53
2.10 523.74
2.10 523.82
2.10 523.81
2.10 523.81
2.10 523.81
2.10 523.81
2.10 523.81
2.10 523.81
2.10 523.81
2.10 523.81
2.10 523.81
2.11 526.00
2.11 526.07
2.11 526.07
2.11 526.07
2.11 526.07
2.11 526.07
2.11 526.07
2.11 526.07
2.11 526.07
2.11 526.07
2.11 526.07
2.12 528.24
2.12 528.31
2.12 528.30
2.12 528.30
2.12 528.30
2.12 528.30
2.12 528.30
2.12 528.30
2.12 528.30
2.12 528.30
2.12 528.30
2.13 530.47
2.13 530.52
2.13 530.52
2.13 530.52
2.13 530.52
2.13 530.52
2.13 530.52
2.13 530.52
2.13 530.52
2.13 530.52
2.13 530.52
2.14 532.68
2.14 532.71
2.14 532.71
2.14 532.71
2.14 532.71
2.14 532.71
2.14 532.71
2.14 532.71
2.14 532.71
2.14 532.71
2.14 532.71
2.15 534.88
2.15 534.88
2.15 534.88
2.15 534.88
2.15 534.88
2.15 534.88
2.15 534.88
2.15 534.88
2.15 534.88
2.15 534.88
2.15 534.88
2.16 537.07
2.16 537.03
2.16 537.04
2.16 537.04
2.16 537.04
2.16 537.04
2.16 537.04
2.16 537.04
2.16 537.04
2.16 537.04
2.16 537.04
2.17 539.24
2.17 539.16
2.17 539.17
2.17 539.17
2.17 539.17
2.17 539.17
2.17 539.17
2.17 539.17
2.17 539.17
2.17 539.17
2.17 539.17
2.18 541.39
2.18 541.27
2.18 541.29
2.18 541.28
2.18 541.28
2.18 541.28
2.18 541.28
2.18 541.28
2.18 541.28
2.18 541.28
2.18 541.28
2.19 543.53
2.19 543.35
2.19 543.38
2.19 543.38
2.19 543.38
2.19 543.38
2.19 543.38
2.19 543.38
2.19 543.38
2.19 543.38
2.19 543.38
2.20 545.64
2.20 545.42
2.20 545.46
2.20 545.45
2.20 545.45
2.20 545.45
2.20 545.45
2.20 545.45
2.20 545.45
2.20 545.45
2.20 545.45
2.21 547.74
2.21 547.46
2.21 547.52
2.21 547.51
2.21 547.51
2.21 547.51
2.21 547.51
2.21 547.51
2.21 547.51
2.21 547.51
2.21 547.51
2.22 549.81
2.22 549.49
2.22 549.56
2.22 549.55
2.22 549.55
2.22 549.55
2.22 549.55
2.22 549.55
2.22 549.55
2.22 549.55
2.22 549.55
2.23 551.87
2.23 551.50
2.23 551.59
2.23 551.57
2.23 551.57
2.23 551.57
2.23 551.57
2.23 551.57
2.23 551.57
2.23 551.57
2.23 551.57
2.24 553.89
2.24 553.49
2.24 553.59
2.24 553.57
2.24 553.57
2.24 553.57
2.24 553.57
2.24 553.57
2.24 553.57
2.24 553.57
2.24 553.57
2.25 555.90
2.25 555.47
2.25 555.58
2.25 555.55
2.25 555.56
2.25 555.56
2.25 555.56
2.25 555.56
2.25 555.56
2.25 555.56
2.25 555.56
2.26 557.87
2.26 557.43
2.26 557.55
2.26 557.52
2.26 557.52
2.26 557.52
2.26 557.52
2.26 557.52
2.26 557.52
2.26 557.52
2.26 557.52
2.27 559.82
2.27 559.38
2.27 559.50
2.27 559.46
2.27 559.47
2.27 559.47
2.27 559.47
2.27 559.47
2.27 559.47
2.27 559.47
2.27 559.47
2.28 561.74
2.28 561.31
2.28 561.43
2.28 561.40
2.28 561.41
2.28 561.40
2.28 561.40
2.28 561.40
2.28 561.40
2.28 561.40
2.28 561.40
2.29 563.63
2.29 563.23
2.29 563.35
2.29 563.31
2.29 563.32
2.29 563.32
2.29 563.32
2.29 563.32
2.29 563.32
2.29 563.32
2.29 563.32
2.30 565.49
2.30 565.13
2.30 565.24
2.30 565.21
2.30 565.22
2.30 565.22
2.30 565.22
2.30 565.22
2.30 565.22
2.30 565.22
2.30 565.22
2.31 567.32
2.31 567.03
2.31 567.12
2.31 567.09
2.31 567.10
2.31 567.10
2.31 567.10
2.31 567.10
2.31 567.10
2.31 567.10
2.31 567.10
2.32 569.12
2.32 568.92
2.32 568.98
2.32 568.96
2.32 568.97
2.32 568.97
2.32 568.97
2.32 568.97
2.32 568.97
2.32 568.97
2.32 568.97
2.33 570.88
2.33 570.79
2.33 570.82
2.33 570.81
2.33 570.82
2.33 570.82
2.33 570.82
2.33 570.82
2.33 570.82
2.33 570.82
2.33 570.82
2.34 572.62
2.34 572.66
2.34 572.65
2.34 572.65
2.34 572.65
2.34 572.65
2.34 572.65
2.34 572.65
2.34 572.65
2.34 572.65
2.34 572.65
2.35 574.32
2.35 574.52
2.35 574.45
2.35 574.47
2.35 574.47
2.35 574.47
2.35 574.47
2.35 574.47
2.35 574.47
2.35 574.47
2.35 574.47
2.36 575.99
2.36 576.37
2.36 576.24
2.36 576.28
2.36 576.27
2.36 576.27
2.36 576.27
2.36 576.27
2.36 576.27
2.36 576.27
2.36 576.27
2.37 577.63
2.37 578.22
2.37 578.00
2.37 578.08
2.37 578.05
2.37 578.06
2.37 578.06
2.37 578.06
2.37 578.06
2.37 578.06
2.37 578.06
2.38 579.24
2.38 580.05
2.38 579.75
2.38 579.86
2.38 579.82
2.38 579.84
2.38 579.83
2.38 579.83
2.38 579.83
2.38 579.83
2.38 579.83
2.39 580.83
2.39 581.89
2.39 581.47
2.39 581.64
2.39 581.57
2.39 581.60
2.39 581.59
2.39 581.59
2.39 581.59
2.39 581.59
2.39 581.59
2.40 582.38
2.40 583.71
2.40 583.18
2.40 583.39
2.40 583.31
2.40 583.34
2.40 583.33
2.40 583.33
2.40 583.33
2.40 583.33
2.40 583.33
2.41 583.91
2.41 585.53
2.41 584.87
2.41 585.14
2.41 585.03
2.41 585.08
2.41 585.06
2.41 585.06
2.41 585.06
2.41 585.06
2.41 585.06
2.42 585.42
2.42 587.34
2.42 586.54
2.42 586.88
2.42 586.73
2.42 586.79
2.42 586.77
2.42 586.78
2.42 586.78
2.42 586.78
2.42 586.78
2.43 586.90
2.43 589.15
2.43 588.19
2.43 588.60
2.43 588.42
2.43 588.50
2.43 588.47
2.43 588.48
2.43 588.48
2.43 588.48
2.43 588.48
2.44 588.36
2.44 590.95
2.44 589.82
2.44 590.32
2.44 590.10
2.44 590.19
2.44 590.15
2.44 590.17
2.44 590.16
2.44 590.17
2.44 590.16
2.45 589.81
2.45 592.74
2.45 591.43
2.45 592.02
2.45 591.75
2.45 591.87
2.45 591.82
2.45 591.84
2.45 591.83
2.45 591.84
2.45 591.84
2.46 591.25
2.46 594.52
2.46 593.02
2.46 593.71
2.46 593.40
2.46 593.54
2.46 593.47
2.46 593.51
2.46 593.49
2.46 593.50
2.46 593.49
2.47 592.67
2.47 596.29
2.47 594.60
2.47 595.40
2.47 595.02
2.47 595.20
2.47 595.12
2.47 595.15
2.47 595.14
2.47 595.14
2.47 595.14
2.48 594.09
2.48 598.04
2.48 596.16
2.48 597.07
2.48 596.63
2.48 596.84
2.48 596.74
2.48 596.79
2.48 596.77
2.48 596.78
2.48 596.77
2.49 595.51
2.49 599.79
2.49 597.71
2.49 598.73
2.49 598.23
2.49 598.47
2.49 598.35
2.49 598.41
2.49 598.38
2.49 598.40
2.49 598.39
2.50 596.93
2.50 601.51
2.50 599.24
2.50 600.38
2.50 599.81
2.50 600.10
2.50 599.95
2.50 600.02
2.50 599.99
2.50 600.01
2.50 600.00
2.51 598.35
2.51 603.22
2.51 600.76
2.51 602.02
2.51 601.38
2.51 601.70
2.51 601.54
2.51 601.62
2.51 601.58
2.51 601.60
2.51 601.59
2.52 599.78
2.52 604.91
2.52 602.26
2.52 603.65
2.52 602.93
2.52 603.30
2.52 603.11
2.52 603.21
2.52 603.16
2.52 603.18
2.52 603.17
2.53 601.23
2.53 606.57
2.53 603.76
2.53 605.26
2.53 604.47
2.53 604.89
2.53 604.67
2.53 604.78
2.53 604.72
2.53 604.75
2.53 604.74
2.54 602.70
2.54 608.21
2.54 605.26
2.54 606.86
2.54 606.00
2.54 606.46
2.54 606.21
2.54 606.35
2.54 606.27
2.54 606.31
2.54 606.29
2.55 604.19
2.55 609.82
2.55 606.75
2.55 608.44
2.55 607.51
2.55 608.02
2.55 607.74
2.55 607.90
2.55 607.81
2.55 607.86
2.55 607.83
2.56 605.72
2.56 611.39
2.56 608.24
2.56 610.01
2.56 609.02
2.56 609.57
2.56 609.26
2.56 609.44
2.56 609.34
2.56 609.39
2.56 609.36
2.57 607.27
2.57 612.93
2.57 609.73
2.57 611.56
2.57 610.52
2.57 611.11
2.57 610.77
2.57 610.96
2.57 610.86
2.57 610.92
2.57 610.88
2.58 608.87
2.58 614.42
2.58 611.22
2.58 613.08
2.58 612.01
2.58 612.63
2.58 612.27
2.58 612.48
2.58 612.36
2.58 612.43
2.58 612.39
2.59 610.52
2.59 615.86
2.59 612.73
2.59 614.59
2.59 613.49
2.59 614.14
2.59 613.76
2.59 613.98
2.59 613.85
2.59 613.93
2.59 613.88
2.60 612.22
2.60 617.26
2.60 614.25
2.60 616.06
2.60 614.98
2.60 615.63
2.60 615.24
2.60 615.47
2.60 615.33
2.60 615.42
2.60 615.37
2.61 613.97
2.61 618.60
2.61 615.79
2.61 617.51
2.61 616.46
2.61 617.10
2.61 616.71
2.61 616.95
2.61 616.80
2.61 616.89
2.61 616.84
2.62 615.79
2.62 619.87
2.62 617.35
2.62 618.92
2.62 617.95
2.62 618.55
2.62 618.18
2.62 618.41
2.62 618.27
2.62 618.35
2.62 618.30
2.63 617.68
2.63 621.08
2.63 618.94
2.63 620.29
2.63 619.44
2.63 619.98
2.63 619.64
2.63 619.85
2.63 619.72
2.63 619.80
2.63 619.75
2.64 619.63
2.64 622.22
2.64 620.57
2.64 621.62
2.64 620.95
2.64 621.38
2.64 621.10
2.64 621.28
2.64 621.17
2.64 621.24
2.64 621.19
2.65 621.66
2.65 623.28
2.65 622.23
2.65 622.91
2.65 622.47
2.65 622.75
2.65 622.57
2.65 622.69
2.65 622.61
2.65 622.66
2.65 622.63
2.66 623.77
2.66 624.25
2.66 623.93
2.66 624.14
2.66 624.01
2.66 624.10
2.66 624.04
2.66 624.08
2.66 624.05
2.66 624.07
2.66 624.06
2.67 625.96
2.67 625.14
2.67 625.69
2.67 625.32
2.67 625.57
2.67 625.40
2.67 625.51
2.67 625.44
2.67 625.49
2.67 625.45
2.67 625.48
2.68 628.24
2.68 625.93
2.68 627.50
2.68 626.43
2.68 627.16
2.68 626.67
2.68 627.00
2.68 626.77
2.68 626.93
2.68 626.82
2.68 626.89
2.69 630.60
2.69 626.62
2.69 629.37
2.69 627.48
2.69 628.79
2.69 627.88
2.69 628.51
2.69 628.08
2.69 628.37
2.69 628.17
2.69 628.31
2.70 633.05
2.70 627.21
2.70 631.31
2.70 628.45
2.70 630.45
2.70 629.05
2.70 630.03
2.70 629.35
2.70 629.83
2.70 629.49
2.70 629.73
2.71 635.58
2.71 627.69
2.71 633.32
2.71 629.33
2.71 632.17
2.71 630.16
2.71 631.59
2.71 630.58
2.71 631.29
2.71 630.78
2.71 631.15
2.72 638.20
2.72 628.05
2.72 635.40
2.72 630.13
2.72 633.94
2.72 631.21
2.72 633.18
2.72 631.76
2.72 632.78
2.72 632.05
2.72 632.57
2.73 640.90
2.73 628.30
2.73 637.56
2.73 630.84
2.73 635.77
2.73 632.18
2.73 634.80
2.73 632.89
2.73 634.29
2.73 633.27
2.73 634.01
2.74 643.69
2.74 628.43
2.74 639.81
2.74 631.44
2.74 637.66
2.74 633.08
2.74 636.48
2.74 633.97
2.74 635.83
2.74 634.45
2.74 635.47
2.75 646.55
2.75 628.43
2.75 642.14
2.75 631.94
2.75 639.63
2.75 633.89
2.75 638.20
2.75 634.97
2.75 637.40
2.75 635.58
2.75 636.95
2.76 649.50
2.76 628.32
2.76 644.56
2.76 632.33
2.76 641.67
2.76 634.60
2.76 639.99
2.76 635.91
2.76 639.02
2.76 636.66
2.76 638.46
2.77 652.51
2.77 628.07
2.77 647.07
2.77 632.59
2.77 643.80
2.77 635.22
2.77 641.85
2.77 636.76
2.77 640.69
2.77 637.67
2.77 640.00
2.78 655.59
2.78 627.70
2.78 649.67
2.78 632.73
2.78 646.02
2.78 635.72
2.78 643.79
2.78 637.52
2.78 642.42
2.78 638.61
2.78 641.59
2.79 658.73
2.79 627.20
2.79 652.36
2.79 632.74
2.79 648.34
2.79 636.11
2.79 645.82
2.79 638.18
2.79 644.23
2.79 639.46
2.79 643.24
2.80 661.93
2.80 626.58
2.80 655.14
2.80 632.61
2.80 650.76
2.80 636.36
2.80 647.94
2.80 638.72
2.80 646.12
2.80 640.22
2.80 644.95
2.81 665.18
2.81 625.83
2.81 658.01
2.81 632.35
2.81 653.28
2.81 636.48
2.81 650.16
2.81 639.14
2.81 648.10
2.81 640.87
2.81 646.74
2.82 668.47
2.82 624.96
2.82 660.96
2.82 631.94
2.82 655.91
2.82 636.45
2.82 652.50
2.82 639.42
2.82 650.18
2.82 641.39
2.82 648.62
2.83 671.80
2.83 623.97
2.83 664.01
2.83 631.38
2.83 658.65
2.83 636.27
2.83 654.95
2.83 639.55
2.83 652.39
2.83 641.78
2.83 650.61
2.84 675.16
2.84 622.87
2.84 667.13
2.84 630.67
2.84 661.50
2.84 635.92
2.84 657.53
2.84 639.52
2.84 654.72
2.84 642.02
2.84 652.72
2.85 678.55
2.85 621.65
2.85 670.33
2.85 629.82
2.85 664.47
2.85 635.41
2.85 660.25
2.85 639.32
2.85 657.18
2.85 642.09
2.85 654.96
2.86 681.95
2.86 620.32
2.86 673.60
2.86 628.81
2.86 667.55
2.86 634.71
2.86 663.10
2.86 638.92
2.86 659.80
2.86 641.96
2.86 657.36
2.87 685.37
2.87 618.88
2.87 676.94
2.87 627.65
2.87 670.74
2.87 633.84
2.87 666.09
2.87 638.33
2.87 662.58
2.87 641.64
2.87 659.93
2.88 688.80
2.88 617.35
2.88 680.34
2.88 626.33
2.88 674.04
2.88 632.77
2.88 669.23
2.88 637.52
2.88 665.54
2.88 641.08
2.88 662.68
2.89 692.22
2.89 615.71
2.89 683.80
2.89 624.87
2.89 677.44
2.89 631.51
2.89 672.52
2.89 636.48
2.89 668.66
2.89 640.29
2.89 665.62
2.90 695.65
2.90 613.99
2.90 687.32
2.90 623.25
2.90 680.95
2.90 630.05
2.90 675.96
2.90 635.21
2.90 671.98
2.90 639.23
2.90 668.79
2.91 699.07
2.91 612.19
2.91 690.88
2.91 621.48
2.91 684.56
2.91 628.38
2.91 679.54
2.91 633.70
2.91 675.48
2.91 637.89
2.91 672.17
2.92 702.47
2.92 610.30
2.92 694.48
2.92 619.56
2.92 688.26
2.92 626.51
2.92 683.26
2.92 631.93
2.92 679.18
2.92 636.26
2.92 675.79
2.93 705.86
2.93 608.34
2.93 698.11
2.93 617.50
2.93 692.05
2.93 624.44
2.93 687.13
2.93 629.90
2.93 683.06
2.93 634.31
2.93 679.64
2.94 709.22
2.94 606.30
2.94 701.78
2.94 615.30
2.94 695.91
2.94 622.16
2.94 691.13
2.94 627.60
2.94 687.13
2.94 632.05
2.94 683.74
2.95 712.56
2.95 604.21
2.95 705.46
2.95 612.97
2.95 699.85
2.95 619.67
2.95 695.25
2.95 625.04
2.95 691.38
2.95 629.45
2.95 688.06
2.96 715.87
2.96 602.06
2.96 709.17
2.96 610.50
2.96 703.86
2.96 616.99
2.96 699.49
2.96 622.20
2.96 695.80
2.96 626.52
2.96 692.62
2.97 719.15
2.97 599.86
2.97 712.88
2.97 607.90
2.97 707.92
2.97 614.10
2.97 703.83
2.97 619.11
2.97 700.37
2.97 623.26
2.97 697.37
2.98 722.39
2.98 597.62
2.98 716.60
2.98 605.19
2.98 712.03
2.98 611.03
2.98 708.26
2.98 615.75
2.98 705.07
2.98 619.67
2.98 702.32
2.99 725.58
2.99 595.35
2.99 720.32
2.99 602.36
2.99 716.17
2.99 607.78
2.99 712.77
2.99 612.14
2.99 709.90
2.99 615.77
2.99 707.43
3.00 728.73
3.00 593.05
3.00 724.03
3.00 599.44
3.00 720.34
3.00 604.35
3.00 717.33
3.00 608.30
3.00 714.81
3.00 611.57
3.00 712.66
3.01 731.83
3.01 590.73
3.01 727.72
3.01 596.41
3.01 724.52
3.01 600.77
3.01 721.94
3.01 604.24
3.01 719.79
3.01 607.09
3.01 717.98
3.02 734.86
3.02 588.42
3.02 731.39
3.02 593.30
3.02 728.71
3.02 597.03
3.02 726.57
3.02 599.98
3.02 724.81
3.02 602.36
3.02 723.36
3.03 737.83
3.03 586.11
3.03 735.03
3.03 590.12
3.03 732.89
3.03 593.16
3.03 731.20
3.03 595.53
3.03 729.85
3.03 597.43
3.03 728.74
3.04 740.73
3.04 583.83
3.04 738.64
3.04 586.88
3.04 737.05
3.04 589.17
3.04 735.83
3.04 590.93
3.04 734.86
3.04 592.31
3.04 734.10
3.05 743.54
3.05 581.60
3.05 742.19
3.05 583.60
3.05 741.19
3.05 585.08
3.05 740.42
3.05 586.20
3.05 739.84
3.05 587.06
3.05 739.38
3.06 746.26
3.06 579.43
3.06 745.70
3.06 580.28
3.06 745.28
3.06 580.91
3.06 744.97
3.06 581.37
3.06 744.74
3.06 581.71
3.06 744.57
3.07 748.88
3.07 577.35
3.07 749.13
3.07 576.95
3.07 749.32
3.07 576.67
3.07 749.46
3.07 576.46
3.07 749.55
3.07 576.31
3.07 749.62
3.08 751.37
3.08 575.38
3.08 752.50
3.08 573.63
3.08 753.30
3.08 572.38
3.08 753.86
3.08 571.51
3.08 754.25
3.08 570.90
3.08 754.52
3.09 753.73
3.09 573.57
3.09 755.77
3.09 570.35
3.09 757.21
3.09 568.08
3.09 758.18
3.09 566.53
3.09 758.82
3.09 565.50
3.09 759.24
3.10 755.93
3.10 571.95
3.10 758.95
3.10 567.13
3.10 761.03
3.10 563.77
3.10 762.39
3.10 561.57
3.10 763.25
3.10 560.17
3.10 763.78
3.11 757.95
3.11 570.57
3.11 762.01
3.11 564.00
3.11 764.76
3.11 559.49
3.11 766.49
3.11 556.63
3.11 767.53
3.11 554.92
3.11 768.12
3.12 759.76
3.12 569.48
3.12 764.94
3.12 561.00
3.12 768.39
3.12 555.25
3.12 770.47
3.12 551.75
3.12 771.64
3.12 549.77
3.12 772.27
3.13 761.32
3.13 568.75
3.13 767.71
3.13 558.18
3.13 771.90
3.13 551.09
3.13 774.33
3.13 546.95
3.13 775.60
3.13 544.76
3.13 776.23
3.14 762.60
3.14 568.46
3.14 770.28
3.14 555.62
3.14 775.29
3.14 547.04
3.14 778.05
3.14 542.24
3.14 779.40
3.14 539.88
3.14 780.01
3.15 763.54
3.15 568.71
3.15 772.63
3.15 553.37
3.15 778.53
3.15 543.13
3.15 781.64
3.15 537.64
3.15 783.04
3.15 535.15
3.15 783.61
3.16 764.09
3.16 569.61
3.16 774.69
3.16 551.57
3.16 781.60
3.16 539.42
3.16 785.09
3.16 533.17
3.16 786.52
3.16 530.58
3.16 787.05
3.17 764.17
3.17 571.28
3.17 776.40
3.17 550.33
3.17 784.47
3.17 535.97
3.17 788.40
3.17 528.84
3.17 789.86
3.17 526.15
3.17 790.33
3.18 763.71
3.18 573.86
3.18 777.65
3.18 549.85
3.18 787.10
3.18 532.89
3.18 791.56
3.18 524.68
3.18 793.06
3.18 521.88
3.18 793.48
3.19 762.60
3.19 577.53
3.19 778.33
3.19 550.38
3.19 789.40
3.19 530.33
3.19 794.57
3.19 520.71
3.19 796.13
3.19 517.76
3.19 796.49
3.20 760.74
3.20 582.45
3.20 778.25
3.20 552.25
3.20 791.26
3.20 528.53
3.20 797.40
3.20 516.98
3.20 799.08
3.20 513.77
3.20 799.39
3.21 758.01
3.21 588.82
3.21 777.18
3.21 555.89
3.21 792.47
3.21 527.91
3.21 800.00
3.21 513.60
3.21 801.91
3.21 509.92
3.21 802.18
3.22 754.27
3.22 596.82
3.22 774.82
3.22 561.81
3.22 792.70
3.22 529.14
3.22 802.27
3.22 510.80
3.22 804.62
3.22 506.20
3.22 804.88
3.23 749.38
3.23 606.62
3.23 770.78
3.23 570.67
3.23 791.37
3.23 533.29
3.23 803.92
3.23 509.15
3.23 807.23
3.23 502.62
3.23 807.48
3.24 743.20
3.24 618.37
3.24 764.60
3.24 583.16
3.24 787.60
3.24 542.02
3.24 804.28
3.24 510.02
3.24 809.67
3.24 499.29
3.24 810.00
3.25 735.56
3.25 632.16
3.25 755.73
3.25 599.96
3.25 780.03
3.25 557.65
3.25 801.70
3.25 516.68
3.25 811.60
3.25 496.95
3.25 812.47
3.26 726.32
3.26 648.01
3.26 743.58
3.26 621.58
3.26 766.81
3.26 582.93
3.26 792.58
3.26 535.93
3.26 810.79
3.26 500.11
3.26 815.00
3.27 715.36
3.27 665.83
3.27 727.57
3.27 648.15
3.27 745.73
3.27 620.04
3.27 770.38
3.27 578.45
3.27 797.38
3.27 528.33
3.27 814.88
3.28 702.57
3.28 685.40
3.28 707.25
3.28 679.11
3.28 714.78
3.28 668.70
3.28 726.66
3.28 651.50
3.28 744.72
3.28 623.57
3.28 769.92
3.29 687.89
3.29 706.36
3.29 682.40
3.29 713.04
3.29 673.18
3.29 723.83
3.29 657.67
3.29 740.71
3.29 631.88
3.29 765.28
3.29 590.97
3.30 671.29
3.30 728.17
3.30 653.19
3.30 747.56
3.30 622.76
3.30 775.27
3.30 574.95
3.30 806.46
3.30 515.07
3.30 824.25
3.30 478.04
3.31 652.84
3.31 750.17
3.31 620.34
3.31 779.57
3.31 568.79
3.31 811.84
3.31 505.63
3.31 827.40
3.31 472.71
3.31 825.03
3.31 477.81
3.32 632.67
3.32 771.57
3.32 585.16
3.32 805.92
3.32 519.28
3.32 828.77
3.32 471.15
3.32 827.24
3.32 474.48
3.32 827.84
3.32 473.17
3.33 610.99
3.33 791.48
3.33 549.58
3.33 824.31
3.33 482.25
3.33 831.45
3.33 466.67
3.33 828.80
3.33 472.50
3.33 829.98
3.33 469.91
3.34 588.11
3.34 809.07
3.34 515.95
3.34 834.15
3.34 462.07
3.34 830.19
3.34 470.85
3.34 832.16
3.34 466.49
3.34 831.25
3.34 468.51
3.35 564.47
3.35 823.58
3.35 486.75
3.35 836.91
3.35 457.24
3.35 831.38
3.35 469.64
3.35 834.41
3.35 462.87
3.35 832.88
3.35 466.29
3.36 540.56
3.36 834.47
3.36 464.11
3.36 835.67
3.36 461.41
3.36 835.00
3.36 462.93
3.36 835.38
3.36 462.06
3.36 835.16
3.36 462.56
3.37 516.98
3.37 841.53
3.37 449.42
3.37 833.88
3.37 466.83
3.37 838.79
3.37 455.69
3.37 835.88
3.37 462.30
3.37 837.71
3.37 458.15
3.38 494.37
3.38 844.89
3.38 442.95
3.38 834.00
3.38 467.95
3.38 841.53
3.38 450.75
3.38 836.80
3.38 461.59
3.38 840.01
3.38 454.24
3.39 473.44
3.39 845.11
3.39 443.75
3.39 836.77
3.39 463.02
3.39 842.86
3.39 448.99
3.39 838.68
3.39 458.66
3.39 841.71
3.39 451.67
3.40 454.86
3.40 843.07
3.40 449.83
3.40 841.44
3.40 453.62
3.40 842.69
3.40 450.72
3.40 841.74
3.40 452.92
3.40 842.46
3.40 451.25
3.41 439.28
3.41 839.93
3.41 458.47
3.41 846.62
3.41 442.81
3.41 841.35
3.41 455.18
3.41 845.65
3.41 445.10
3.41 842.22
3.41 453.14
3.42 427.26
3.42 836.91
3.42 466.81
3.42 851.23
3.42 433.09
3.42 839.69
3.42 460.37
3.42 849.63
3.42 436.94
3.42 841.40
3.42 456.39
3.43 419.24
3.43 835.13
3.43 472.27
3.43 854.86
3.43 425.57
3.43 838.50
3.43 464.49
3.43 853.17
3.43 429.67
3.43 840.53
3.43 459.75
3.44 415.48
3.44 835.43
3.44 472.96
3.44 857.49
3.44 420.38
3.44 838.19
3.44 466.55
3.44 856.15
3.44 423.66
3.44 839.95
3.44 462.45
3.45 416.05
3.45 838.18
3.45 467.93
3.45 858.95
3.45 417.98
3.45 839.29
3.45 465.34
3.45 858.36
3.45 419.45
3.45 840.12
3.45 463.40
3.46 420.79
3.46 843.29
3.46 457.24
3.46 858.67
3.46 419.88
3.46 842.79
3.46 458.43
3.46 859.02
3.46 419.02
3.46 842.31
3.46 459.57
3.47 429.35
3.47 850.18
3.47 441.98
3.47 855.82
3.47 428.17
3.47 849.60
3.47 443.40
3.47 856.38
3.47 426.77
3.47 848.89
3.47 445.11
3.48 441.16
3.48 857.95
3.48 424.11
3.48 849.96
3.48 443.81
3.48 859.01
3.48 421.46
3.48 848.54
3.48 447.26
3.48 860.32
3.48 418.19
3.49 455.47
3.49 865.58
3.49 406.07
3.49 841.71
3.49 465.00
3.49 868.22
3.49 399.29
3.49 837.11
3.49 475.90
3.49 870.47
3.49 393.50
3.50 471.39
3.50 872.14
3.50 390.30
3.50 832.88
3.50 487.16
3.50 874.42
3.50 384.33
3.50 828.17
3.50 498.07
3.50 874.99
3.50 382.85
3.51 487.95
3.51 876.99
3.51 378.65
3.51 825.82
3.51 504.89
3.51 877.42
3.51 377.53
3.51 824.85
3.51 507.10
3.51 877.32
3.51 377.77
3.52 504.12
3.52 879.94
3.52 371.87
3.52 822.21
3.52 514.55
3.52 879.25
3.52 373.70
3.52 823.85
3.52 510.82
3.52 879.59
3.52 372.81
3.53 518.91
3.53 881.24
3.53 369.44
3.53 822.33
3.53 515.74
3.53 881.63
3.53 368.40
3.53 821.36
3.53 517.94
3.53 881.36
3.53 369.10
3.54 531.35
3.54 881.52
3.54 369.73
3.54 824.92
3.54 511.27
3.54 884.55
3.54 361.51
3.54 817.10
3.54 529.04
3.54 882.01
3.54 368.39
3.55 540.55
3.55 881.66
3.55 370.38
3.55 827.86
3.55 505.91
3.55 887.38
3.55 354.79
3.55 812.64
3.55 540.51
3.55 881.68
3.55 370.35
3.56 545.69
3.56 882.57
3.56 368.96
3.56 828.87
3.56 504.97
3.56 889.91
3.56 348.77
3.56 808.58
3.56 551.01
3.56 880.74
3.56 373.94
3.57 546.06
3.57 884.93
3.57 363.54
3.57 826.02
3.57 513.05
3.57 891.89
3.57 344.22
3.57 805.87
3.57 558.51
3.57 880.28
3.57 376.23
3.58 541.05
3.58 888.97
3.58 353.36
3.58 818.02
3.58 532.93
3.58 891.12
3.58 347.36
3.58 811.59
3.58 547.43
3.58 886.95
3.58 358.97
3.59 530.19
3.59 894.23
3.59 339.56
3.59 805.08
3.59 563.36
3.59 883.09
3.59 370.64
3.59 837.42
3.59 488.76
3.59 897.05
3.59 331.55
3.60 513.18
3.60 899.37
3.60 325.80
3.60 790.75
3.60 595.66
3.60 867.06
3.60 414.97
3.60 873.97
3.60 396.52
3.60 861.45
3.60 429.68
3.61 490.00
3.61 902.14
3.61 318.71
3.61 783.85
3.61 611.64
3.61 857.50
3.61 441.11
3.61 889.98
3.61 353.48
3.61 825.00
3.61 521.20
3.62 461.03
3.62 899.50
3.62 327.24
3.62 796.96
3.62 585.77
3.62 878.37
3.62 386.75
3.62 858.57
3.62 439.57
3.62 891.78
3.62 349.36
3.63 427.18
3.63 888.25
3.63 360.32
3.63 836.68
3.63 496.04
3.63 907.44
3.63 304.88
3.63 769.31
3.63 644.23
3.63 831.99
3.63 507.42
3.64 390.08
3.64 866.02
3.64 422.34
3.64 888.05
3.64 361.88
3.64 840.56
3.64 487.82
3.64 909.46
3.64 299.73
3.64 764.00
3.64 656.30
3.65 352.20
3.65 832.77
3.65 508.33
3.65 912.25
3.65 292.19
3.65 754.88
3.65 675.39
3.65 800.22
3.65 583.51
3.65 887.04
3.65 365.72
3.66 316.88
3.66 792.27
3.66 602.36
3.66 876.65
3.66 395.77
3.66 875.24
3.66 399.66
3.66 878.15
3.66 391.64
3.66 872.02
3.66 408.45
3.67 288.28
3.67 752.98
3.67 682.62
3.67 795.11
3.67 597.88
3.67 882.34
3.67 381.01
3.67 865.54
3.67 427.13
3.67 898.01
3.67 336.13
3.68 271.09
3.68 727.18
3.68 730.08
3.68 725.19
3.68 733.38
3.68 719.56
3.68 742.59
3.68 703.43
3.68 767.71
3.68 656.26
3.68 830.15
3.69 270.12
3.69 727.51
3.69 731.51
3.69 724.73
3.69 736.14
3.69 716.73
3.69 749.17
3.69 693.40
3.69 784.48
3.69 623.86
3.69 865.89
3.70 289.56
3.70 761.15
3.70 672.66
3.70 814.70
3.70 558.57
3.70 912.31
3.70 296.01
3.70 771.03
3.70 653.21
3.70 838.15
3.70 501.92
3.71 332.23
3.71 823.07
3.71 540.27
3.71 921.48
3.71 268.42
3.71 728.54
3.71 733.73
3.71 724.83
3.71 739.97
3.71 713.86
3.71 757.82
3.72 398.65
3.72 891.79
3.72 358.98
3.72 856.02
3.72 458.49
3.72 923.59
3.72 262.52
3.72 720.21
3.72 749.61
3.72 698.22
3.72 783.83
3.73 486.37
3.73 931.81
3.73 237.01
3.73 674.53
3.73 818.89
3.73 553.20
3.73 921.94
3.73 268.43
3.73 732.48
3.73 730.91
3.73 733.62
3.74 589.43
3.74 905.09
3.74 321.28
3.74 815.54
3.74 562.62
3.74 920.34
3.74 274.21
3.74 744.33
3.74 711.73
3.74 767.34
3.74 667.71
3.75 698.45
3.75 789.81
3.75 622.54
3.75 881.19
3.75 392.59
3.75 894.24
3.75 354.66
3.75 858.29
3.75 456.11
3.75 930.28
3.75 243.23
3.76 801.31
3.76 598.63
3.76 903.42
3.76 328.07
3.76 828.85
3.76 533.39
3.76 935.81
3.76 225.86
3.76 657.44
3.76 846.81
3.76 487.77
3.77 884.56
3.77 384.97
3.77 892.61
3.77 361.37
3.77 870.05
3.77 426.25
3.77 922.00
3.77 271.13
3.77 745.03
3.77 716.15
3.77 766.36
3.78 935.51
3.78 228.06
3.78 665.47
3.78 841.51
3.78 504.15
3.78 944.94
3.78 196.68
3.78 597.24
3.78 909.26
3.78 311.88
3.78 811.22
3.79 944.73
3.79 197.89
3.79 601.57
3.79 908.40
3.79 315.37
3.79 818.31
3.79 563.50
3.79 932.22
3.79 239.48
3.79 690.28
3.79 810.28
3.80 908.62
3.80 315.53
3.80 820.69
3.80 559.21
3.80 936.68
3.80 225.39
3.80 663.44
3.80 848.50
3.80 488.49
3.80 949.50
3.80 182.22
3.81 831.31
3.81 534.29
3.81 948.02
3.81 187.74
3.81 581.01
3.81 927.49
3.81 256.22
3.81 726.07
3.81 757.78
3.81 699.32
3.81 801.14
3.82 725.58
3.82 760.62
3.82 695.54
3.82 808.94
3.82 590.40
3.82 923.78
3.82 268.97
3.82 751.11
3.82 714.13
3.82 779.84
3.82 655.86
3.83 611.85
3.83 909.58
3.83 314.98
3.83 826.39
3.83 549.48
3.83 948.12
3.83 188.38
3.83 585.59
3.83 929.45
3.83 251.16
3.83 720.34
3.84 515.28
3.84 959.10
3.84 150.62
3.84 491.27
3.84 959.71
3.84 148.49
3.84 485.53
3.84 959.20
3.84 150.29
3.84 490.39
3.84 959.65
3.85 460.78
3.85 956.58
3.85 159.92
3.85 517.23
3.85 961.36
3.85 143.02
3.85 471.89
3.85 959.46
3.85 149.76
3.85 490.23
3.85 962.13
3.86 466.69
3.86 960.72
3.86 145.67
3.86 480.39
3.86 963.52
3.86 135.69
3.86 452.70
3.86 956.36
3.86 161.08
3.86 521.62
3.86 963.20
3.87 538.36
3.87 961.80
3.87 142.17
3.87 471.98
3.87 964.46
3.87 132.65
3.87 445.25
3.87 955.90
3.87 163.15
3.87 528.38
3.87 964.38
3.88 663.28
3.88 866.56
3.88 448.65
3.88 959.77
3.88 149.81
3.88 494.19
3.88 969.87
3.88 113.38
3.88 390.05
3.88 923.10
3.88 275.44
3.89 809.81
3.89 599.13
3.89 934.28
3.89 238.87
3.89 707.24
3.89 805.44
3.89 609.60
3.89 925.77
3.89 267.30
3.89 761.87
3.89 705.74
3.90 931.41
3.90 249.16
3.90 729.61
3.90 769.39
3.90 691.98
3.90 831.25
3.90 547.05
3.90 966.37
3.90 126.76
3.90 431.71
3.90 956.81
3.91 977.09
3.91 87.51
3.91 312.23
3.91 839.65
3.91 526.44
3.91 974.77
3.91 96.17
3.91 339.86
3.91 877.23
3.91 421.09
3.91 953.15
3.92 907.75
3.92 328.25
3.92 864.37
3.92 459.55
3.92 973.59
3.92 100.81
3.92 355.33
3.92 897.96
3.92 359.18
3.92 902.26
3.92 345.69
3.93 715.28
3.93 800.37
3.93 627.93
3.93 918.18
3.93 295.25
3.93 817.74
3.93 585.73
3.93 953.62
3.93 173.83
3.93 564.39
3.93 966.21
3.94 438.98
3.94 970.33
3.94 113.43
3.94 396.22
3.94 942.56
3.94 213.30
3.94 661.15
3.94 882.68
3.94 408.02
3.94 951.67
3.94 181.22
3.95 170.90
3.95 559.68
3.95 973.43
3.95 102.16
3.95 362.29
3.95 912.59
3.95 315.08
3.95 852.42
3.95 496.90
3.95 987.46
3.95 48.90
3.96 39.40
3.96 149.89
3.96 504.59
3.96 989.92
3.96 39.53
3.96 150.34
3.96 505.86
3.96 989.86
3.96 39.73
3.96 151.08
3.96 507.90
3.97 159.95
3.97 533.43
3.97 988.06
3.97 46.82
3.97 177.18
3.97 578.78
3.97 967.86
3.97 123.49
3.97 429.72
3.97 972.89
3.97 104.71
3.98 542.99
3.98 987.64
3.98 48.57
3.98 183.93
3.98 597.40
3.98 957.24
3.98 162.90
3.98 542.73
3.98 987.73
3.98 48.22
3.98 182.66
3.99 953.81
3.99 175.78
3.99 578.08
3.99 973.18
3.99 104.15
3.99 372.28
3.99 932.42
3.99 251.43
3.99 750.98
3.99 746.17
3.99 755.70
4.00 726.30
4.00 795.15
4.00 651.54
4.00 908.15
4.00 333.67
4.00 889.33
4.00 393.69
4.00 954.79
4.00 172.67
4.00 571.41
4.00 979.60
